88268767148826876714882687671488268767148826876714
31277872383127787238312778723831277872383127787238
81828528618182852861818285286181828528618182852861
46553714834655371483465537148346553714834655371483
38645513653864551365386455136538645513653864551365
18782535811878253581187825358118782535811878253581
83174224378317422437831742243783174224378317422437
15172542661517254266151725426615172542661517254266
26211247612621124761262112476126211247612621124761
34733315143473331514347333151434733315143473331514
88268767148826876714882687671488268767148826876714
31277872383127787238312778723831277872383127787238
81828528618182852861818285286181828528618182852861
46553714834655371483465537148346553714834655371483
38645513653864551365386455136538645513653864551365
18782535811878253581187825358118782535811878253581
83174224378317422437831742243783174224378317422437
15172542661517254266151725426615172542661517254266
26211247612621124761262112476126211247612621124761
34733315143473331514347333151434733315143473331514
88268767148826876714882687671488268767148826876714
31277872383127787238312778723831277872383127787238
81828528618182852861818285286181828528618182852861
46553714834655371483465537148346553714834655371483
38645513653864551365386455136538645513653864551365
18782535811878253581187825358118782535811878253581
83174224378317422437831742243783174224378317422437
15172542661517254266151725426615172542661517254266
26211247612621124761262112476126211247612621124761
34733315143473331514347333151434733315143473331514
88268767148826876714882687671488268767148826876714
31277872383127787238312778723831277872383127787238
81828528618182852861818285286181828528618182852861
46553714834655371483465537148346553714834655371483
38645513653864551365386455136538645513653864551365
18782535811878253581187825358118782535811878253581
83174224378317422437831742243783174224378317422437
15172542661517254266151725426615172542661517254266
26211247612621124761262112476126211247612621124761
34733315143473331514347333151434733315143473331514
88268767148826876714882687671488268767148826876714
31277872383127787238312778723831277872383127787238
81828528618182852861818285286181828528618182852861
46553714834655371483465537148346553714834655371483
38645513653864551365386455136538645513653864551365
18782535811878253581187825358118782535811878253581
83174224378317422437831742243783174224378317422437
15172542661517254266151725426615172542661517254266
26211247612621124761262112476126211247612621124761
34733315143473331514347333151434733315143473331514